2017-11-09T05:59:50.079Z | cell,055947,25.6429,-100.3590,2088,0,242,4,406,8,-1,G
2017-11-09T06:00:08.060Z | cell,060005,25.6429,-100.3590,2088,1,271,4,407,8,-1,G
2017-11-09T06:01:08.416Z | cell,060106,25.6429,-100.3591,2089,0,55,4,407,8,-1,G
2017-11-09T06:02:11.021Z | cell,060207,25.6428,-100.3589,2090,1,133,5,209,8,-1,G
2017-11-09T06:03:12.841Z | cell,060309,25.6429,-100.3592,2090,1,311,5,210,8,-1,G
2017-11-09T06:04:13.719Z | cell,060411,25.6429,-100.3592,2089,1,284,6,169,8,-1,G
2017-11-09T06:05:14.344Z | cell,060512,25.6429,-100.3591,2089,1,125,5,211,8,-1,G
2017-11-09T06:06:14.791Z | cell,060613,25.6428,-100.3591,2088,0,35,5,212,8,-1,G
2017-11-09T06:07:16.060Z | cell,060713,25.6428,-100.3592,2087,0,249,4,411,8,-1,G
2017-11-09T06:08:17.259Z | cell,060814,25.6428,-100.3590,2088,0,70,4,411,8,-1,G
2017-11-09T06:09:19.155Z | cell,060915,25.6428,-100.3589,2088,1,86,4,412,8,-1,G
2017-11-09T06:10:20.620Z | cell,061018,25.6428,-100.3590,2085,1,298,5,214,8,-1,G
2017-11-09T06:11:21.880Z | cell,061119,25.6428,-100.3590,2085,1,69,4,414,8,-1,G
2017-11-09T06:12:24.178Z | cell,061220,25.6428,-100.3588,2086,0,86,4,415,8,-1,G
2017-11-09T06:13:25.693Z | cell,061323,25.6429,-100.3590,2086,1,285,4,416,8,-1,G
2017-11-09T06:14:27.351Z | cell,061424,25.6428,-100.3590,2085,0,112,4,417,8,-1,G
2017-11-09T06:15:28.462Z | cell,061526,25.6428,-100.3590,2086,1,291,4,419,8,-1,G
2017-11-09T06:16:30.232Z | cell,061627,25.6429,-100.3591,2086,0,170,4,420,8,-1,G
2017-11-09T06:17:32.792Z | cell,061729,25.6428,-100.3587,2089,1,98,4,422,8,-1,G
2017-11-09T06:18:34.647Z | cell,061831,25.6428,-100.3589,2091,0,125,4,423,9,-1,G
2017-11-09T06:19:37.160Z | cell,061933,25.6429,-100.3589,2094,1,292,4,425,9,-1,G
2017-11-09T06:20:37.687Z | cell,062036,25.6429,-100.3590,2094,0,2,5,222,9,-1,G
2017-11-09T06:21:39.829Z | cell,062136,25.6428,-100.3588,2092,0,342,4,256,9,-1,G
2017-11-09T06:22:41.795Z | cell,062238,25.6428,-100.3591,2093,1,272,4,431,9,-1,G
2017-11-09T06:23:43.515Z | cell,062340,25.6428,-100.3590,2093,1,78,4,433,9,-1,G
2017-11-09T06:24:45.479Z | cell,062442,25.6428,-100.3589,2087,0,57,4,435,8,-1,G
2017-11-09T06:25:46.586Z | cell,062544,25.6428,-100.3589,2086,0,250,4,437,8,-1,G
2017-11-09T06:26:47.084Z | cell,062645,25.6428,-100.3588,2086,0,249,3,445,8,-1,G
2017-11-09T06:27:48.156Z | cell,062745,25.6428,-100.3590,2086,1,260,4,267,8,-1,G
2017-11-09T06:28:49.168Z | cell,062846,25.6429,-100.3592,2087,1,30,5,202,8,-1,G
2017-11-09T06:29:49.721Z | cell,062947,25.6429,-100.3591,2087,0,100,3,452,8,-1,G
2017-11-09T06:30:50.735Z | cell,063048,25.6428,-100.3587,2087,1,84,3,455,8,-1,G
2017-11-09T06:31:53.374Z | cell,063149,25.6428,-100.3587,2087,0,14,4,244,8,-1,G
2017-11-09T06:32:54.331Z | cell,063251,25.6428,-100.3590,2086,0,220,4,245,8,-1,G
2017-11-09T06:33:54.516Z | cell,063352,25.6428,-100.3594,2086,3,249,3,464,8,-1,G
2017-11-09T06:34:55.553Z | cell,063453,25.6429,-100.3588,2084,1,118,3,468,8,-1,G
2017-11-09T06:35:56.632Z | cell,063554,25.6427,-100.3589,2085,0,339,3,471,8,-1,G
2017-11-09T06:36:57.058Z | cell,063655,25.6428,-100.3588,2082,2,299,4,250,8,-1,G
2017-11-09T06:37:57.907Z | cell,063756,25.6428,-100.3588,2081,2,106,4,251,8,-1,G
2017-11-09T06:38:57.810Z | cell,063856,25.6427,-100.3588,2080,0,143,5,218,8,-1,G
 | cell,
2017-11-09T19:45:11.250Z | cell,194507,25.6673,-100.3683,1890,8,163,8,106,7,0,R
2017-11-09T19:46:09.403Z | cell,194607,25.6632,-100.3687,1880,36,183,8,107,7,0,R
2017-11-09T19:47:10.580Z | cell,194708,25.6580,-100.3703,1899,14,196,8,107,7,0,R
2017-11-09T19:48:12.612Z | cell,194809,25.6559,-100.3662,1880,18,107,7,120,7,0,R
2017-11-09T19:49:13.312Z | cell,194911,25.6549,-100.3627,1896,23,108,8,108,7,0,R
2017-11-09T19:50:14.434Z | cell,195011,25.6532,-100.3530,1926,42,87,8,108,7,0,R
2017-11-09T19:51:15.826Z | cell,195113,25.6535,-100.3435,1979,10,81,8,109,7,0,R
2017-11-09T19:52:17.256Z | cell,195214,25.6536,-100.3414,2001,1,111,8,109,7,0,R
2017-11-09T19:53:18.506Z | cell,195315,25.6527,-100.3400,1985,0,143,8,110,7,0,R
2017-11-09T19:54:19.850Z | cell,195417,25.6521,-100.3392,1992,0,208,8,126,7,0,R
2017-11-09T19:55:21.912Z | cell,195518,25.6538,-100.3382,2039,13,95,9,104,7,0,R
2017-11-09T19:56:25.724Z | cell,195620,25.6508,-100.3343,2014,3,184,9,103,7,0,R
2017-11-09T19:57:25.835Z | cell,195721,25.6498,-100.3342,1979,1,66,8,113,7,0,R
2017-11-09T23:31:26.076Z | cell,233124,25.6613,-100.3526,1943,4,1,9,98,7,-1,G
2017-11-09T23:31:29.723Z | cell,233128,25.6614,-100.3526,1948,4,358,9,98,7,-1,G
2017-11-09T23:31:53.159Z | cell,233152,25.6618,-100.3526,1963,3,1,8,113,7,-1,G
2017-11-09T23:47:26.403Z | cell,234724,25.6836,-100.3519,1895,15,3,8,107,7,-1,R
2017-11-09T23:48:27.365Z | cell,234825,25.6897,-100.3515,1876,28,4,8,107,7,-1,R
2017-11-09T23:49:30.945Z | cell,234926,25.6942,-100.3492,1868,18,90,9,87,7,-1,R
2017-11-09T23:50:29.211Z | cell,235026,25.6940,-100.3488,1867,1,119,9,87,7,-1,R
2017-11-09T23:51:29.482Z | cell,235127,25.6939,-100.3480,1873,0,86,9,87,7,-1,R
2017-11-09T23:52:31.324Z | cell,235228,25.6939,-100.3481,1873,0,86,5,347,7,-1,R
2017-11-09T23:53:31.716Z | cell,235329,25.6939,-100.3480,1873,0,86,6,121,7,-1,R
2017-11-09T23:54:33.112Z | cell,235430,25.6939,-100.3481,1873,1,86,5,320,7,-1,R
2017-11-09T23:55:35.986Z | cell,235531,25.6940,-100.3481,1873,0,86,5,321,7,-1,R
2017-11-09T23:56:35.517Z | cell,235632,25.6939,-100.3481,1872,1,174,5,322,7,-1,R
2017-11-09T23:57:36.858Z | cell,235734,25.6938,-100.3480,1873,0,175,4,360,7,-1,R
2017-11-09T23:58:37.673Z | cell,235835,25.6940,-100.3481,1873,1,342,5,324,7,-1,R
2017-11-09T23:59:39.150Z | cell,235936,25.6940,-100.3481,1872,0,316,4,367,7,-1,R
2017-11-10T00:00:40.445Z | cell,000037,25.6939,-100.3480,1869,1,171,6,297,7,-1,R
2017-11-10T00:01:41.195Z | cell,000139,25.6938,-100.3480,1867,1,351,4,384,7,-1,R
2017-11-10T00:02:42.536Z | cell,000240,25.6942,-100.3481,1864,1,335,5,324,7,-1,R
2017-11-10T00:03:44.998Z | cell,000341,25.6941,-100.3481,1863,0,338,5,323,7,-1,R
2017-11-10T00:04:44.867Z | cell,000441,25.6938,-100.3481,1862,1,191,6,286,7,-1,R
2017-11-10T00:05:45.673Z | cell,000543,25.6940,-100.3481,1861,1,359,5,359,7,-1,R
2017-11-10T00:06:46.757Z | cell,000644,25.6938,-100.3480,1860,0,159,5,320,7,-1,R
2017-11-10T00:07:47.765Z | cell,000745,25.6936,-100.3481,1859,0,180,6,276,7,-1,R
2017-11-10T00:08:48.484Z | cell,000846,25.6939,-100.3481,1860,1,346,7,114,7,-1,R
2017-11-10T00:09:50.006Z | cell,000947,25.6938,-100.3481,1858,1,182,6,269,7,-1,R
2017-11-10T00:10:50.361Z | cell,001048,25.6939,-100.3480,1858,0,358,6,228,7,-1,R
2017-11-10T00:11:50.824Z | cell,001149,25.6938,-100.3480,1857,0,134,7,194,7,-1,R
2017-11-10T00:12:52.843Z | cell,001249,25.6936,-100.3481,1856,1,216,6,207,7,-1,R
2017-11-10T00:13:54.071Z | cell,001351,25.6939,-100.3480,1857,1,18,5,598,7,-1,R
2017-11-10T00:14:54.925Z | cell,001452,25.6940,-100.3480,1858,0,349,6,333,7,-1,R
2017-11-10T00:15:56.116Z | cell,001553,25.6937,-100.3481,1862,0,205,4,672,7,-1,R
2017-11-10T00:16:57.975Z | cell,001655,25.6936,-100.3481,1862,1,170,5,229,7,-1,R
2017-11-10T00:17:58.248Z | cell,001756,25.6935,-100.3480,1860,0,154,6,223,7,-1,R
2017-11-10T00:18:59.480Z | cell,001856,25.6937,-100.3481,1861,1,349,6,405,7,-1,R
2017-11-10T00:19:59.813Z | cell,001958,25.6938,-100.3481,1851,1,165,7,121,7,-1,R
2017-11-10T00:21:01.157Z | cell,002058,25.6937,-100.3480,1845,0,171,7,136,7,-1,R
2017-11-10T00:22:01.738Z | cell,002159,25.6937,-100.3480,1842,1,158,6,216,7,-1,R
2017-11-10T00:23:02.741Z | cell,002300,25.6939,-100.3480,1840,1,0,6,225,7,-1,R
2017-11-10T00:24:04.738Z | cell,002401,25.6938,-100.3480,1840,1,156,7,186,7,-1,R
2017-11-10T00:25:06.640Z | cell,002503,25.6939,-100.3480,1838,1,354,6,220,7,-1,R
2017-11-10T00:26:07.392Z | cell,002605,25.6939,-100.3480,1837,1,154,5,211,7,-1,R
2017-11-10T00:27:08.536Z | cell,002706,25.6939,-100.3480,1837,0,154,7,197,7,-1,R
2017-11-10T00:28:09.623Z | cell,002806,25.6939,-100.3481,1841,0,331,7,179,7,-1,R
2017-11-10T00:29:10.603Z | cell,002908,25.6938,-100.3480,1844,1,158,5,257,7,-1,R
2017-11-10T00:30:12.813Z | cell,003009,25.6939,-100.3481,1847,1,169,6,211,7,-1,R
2017-11-10T00:31:14.158Z | cell,003111,25.6940,-100.3480,1848,0,172,5,247,7,-1,R
2017-11-10T00:32:15.218Z | cell,003213,25.6937,-100.3480,1848,1,165,5,242,7,-1,R
2017-11-10T00:33:16.193Z | cell,003313,25.6936,-100.3480,1849,0,189,4,531,7,-1,R
2017-11-10T00:34:17.507Z | cell,003415,25.6934,-100.3480,1849,1,178,4,606,7,-1,R
2017-11-10T00:35:19.068Z | cell,003516,25.6935,-100.3480,1849,0,139,4,614,7,-1,R
2017-11-10T00:36:19.503Z | cell,003618,25.6940,-100.3480,1847,0,346,5,204,7,-1,R
2017-11-10T00:37:20.264Z | cell,003718,25.6938,-100.3480,1847,1,161,4,522,7,-1,R
2017-11-10T00:38:20.939Z | cell,003819,25.6935,-100.3480,1849,1,172,5,227,7,-1,R
2017-11-10T00:39:21.877Z | cell,003919,25.6934,-100.3480,1850,1,160,5,225,7,-1,R
2017-11-10T00:40:22.564Z | cell,004020,25.6937,-100.3480,1850,0,10,7,123,7,-1,R
2017-11-10T00:41:24.679Z | cell,004121,25.6938,-100.3481,1850,0,357,6,179,7,-1,R
2017-11-10T00:42:25.988Z | cell,004222,25.6936,-100.3481,1850,1,99,7,124,7,-1,R
2017-11-10T00:43:26.308Z | cell,004324,25.6936,-100.3480,1850,1,87,6,138,7,-1,R
2017-11-10T00:44:27.545Z | cell,004425,25.6937,-100.3480,1849,0,237,6,158,7,-1,R
2017-11-10T00:45:29.899Z | cell,004526,25.6939,-100.3480,1850,1,12,5,204,7,-1,R
2017-11-10T00:46:30.575Z | cell,004626,25.6938,-100.3481,1852,1,187,5,186,7,-1,R
2017-11-10T00:47:32.227Z | cell,004729,25.6939,-100.3481,1853,0,2,6,161,7,-1,R
2017-11-10T00:48:33.828Z | cell,004829,25.6938,-100.3480,1857,0,29,6,161,7,-1,R
2017-11-10T00:49:34.614Z | cell,004932,25.6939,-100.3480,1857,0,185,4,204,7,-1,R
2017-11-10T00:50:35.436Z | cell,005033,25.6938,-100.3480,1853,0,129,5,186,7,-1,R
2017-11-10T00:51:36.023Z | cell,005134,25.6939,-100.3480,1855,1,0,6,177,7,-1,R
2017-11-10T00:52:36.528Z | cell,005234,25.6939,-100.3480,1854,1,204,4,202,7,-1,R
2017-11-10T00:53:37.531Z | cell,005335,25.6939,-100.3481,1855,0,205,5,181,7,-1,R
2017-11-10T00:54:38.123Z | cell,005436,25.6940,-100.3480,1857,0,63,5,176,7,-1,R
2017-11-10T00:55:39.080Z | cell,005537,25.6938,-100.3481,1856,0,247,4,201,7,-1,R
2017-11-10T00:56:40.340Z | cell,005637,25.6939,-100.3481,1856,0,120,5,187,7,-1,R
2017-11-10T00:57:44.156Z | cell,005739,25.6939,-100.3481,1858,0,327,6,174,7,-1,R
2017-11-10T00:58:41.878Z | cell,005839,25.6939,-100.3480,1864,0,150,6,184,7,-1,R
2017-11-10T00:59:44.038Z | cell,005940,25.6939,-100.3480,1867,0,162,7,176,7,-1,R
2017-11-10T01:00:44.874Z | cell,010042,25.6939,-100.3480,1867,0,162,6,199,7,-1,R
2017-11-10T01:01:46.530Z | cell,010143,25.6938,-100.3480,1867,0,162,5,219,7,-1,R
2017-11-10T01:02:46.817Z | cell,010245,25.6938,-100.3480,1866,0,162,5,222,7,-1,R
2017-11-10T21:11:19.257Z | cell,211116,25.6673,-100.3793,1956,1,43,4,260,9,-1,G
2017-11-10T21:11:49.113Z | cell,211145,25.6674,-100.3791,1955,1,40,4,262,9,-1,G
2017-11-10T21:12:40.211Z | cell,211235,25.6679,-100.3788,1956,2,42,3,499,9,0,G
2017-11-10T21:12:47.652Z | cell,211245,25.6680,-100.3787,1956,2,35,3,502,9,0,G
2017-11-11T03:15:14.727Z | cell,031511,0.0000,0.0000,0,0,0,0,0,8,-1,G
2017-11-11T03:16:12.740Z | cell,031611,0.0000,0.0000,0,0,0,0,0,8,-1,G
2017-11-11T03:17:14.416Z | cell,031711,0.0000,0.0000,0,0,0,0,0,8,-1,G
2017-11-11T03:18:13.924Z | cell,031811,0.0000,0.0000,0,0,0,0,0,8,-1,G
2017-11-11T03:19:14.403Z | cell,031911,0.0000,0.0000,0,0,0,0,0,8,-1,G
2017-11-11T03:20:13.601Z | cell,032011,0.0000,0.0000,0,0,0,0,0,8,-1,G
2017-11-11T03:21:14.590Z | cell,032111,0.0000,0.0000,0,0,0,0,0,8,-1,G
2017-11-11T03:22:14.846Z | cell,032211,0.0000,0.0000,0,0,0,0,0,8,-1,G
2017-11-11T03:23:13.264Z | cell,032311,0.0000,0.0000,0,0,0,0,0,8,-1,G
2017-11-11T03:24:13.239Z | cell,032411,0.0000,0.0000,0,0,0,0,0,8,-1,G
2017-11-11T03:25:14.487Z | cell,032511,0.0000,0.0000,0,0,0,0,0,8,-1,G
2017-11-11T03:26:13.213Z | cell,032611,0.0000,0.0000,0,0,0,0,0,8,-1,G
2017-11-11T03:27:14.537Z | cell,032711,0.0000,0.0000,0,0,0,0,0,8,-1,G
2017-11-11T03:28:12.682Z | cell,032811,0.0000,0.0000,0,0,0,0,0,8,-1,G
2017-11-11T03:29:14.015Z | cell,032911,0.0000,0.0000,0,0,0,0,0,8,-1,G
2017-11-11T03:30:12.722Z | cell,033011,0.0000,0.0000,0,0,0,0,0,8,-1,G
2017-11-11T03:31:13.125Z | cell,033111,0.0000,0.0000,0,0,0,1,0,8,-1,G
2017-11-11T03:32:13.908Z | cell,033211,0.0000,0.0000,0,0,0,3,0,8,-1,G
2017-11-11T03:33:12.642Z | cell,033311,0.0000,0.0000,0,0,0,2,0,8,-1,G
2017-11-11T03:34:13.778Z | cell,033411,0.0000,0.0000,0,0,0,2,0,8,-1,G
2017-11-11T03:35:12.978Z | cell,033511,0.0000,0.0000,0,0,0,3,0,8,-1,G
2017-11-11T03:36:13.252Z | cell,033611,25.6438,-100.3578,565,1,204,4,175,8,-1,D
2017-11-12T00:10:10.441Z | cell,001007,0.0000,0.0000,0,0,0,0,0,8,-1,G
2017-11-12T00:10:14.015Z | cell,001013,0.0000,0.0000,0,0,0,0,0,8,-1,G
2017-11-12T00:11:02.895Z | cell,001101,0.0000,0.0000,0,0,0,0,0,8,-1,G
2017-11-12T00:11:08.535Z | cell,001107,0.0000,0.0000,0,0,0,0,0,8,-1,G
2017-11-12T00:12:11.000Z | cell,001207,0.0000,0.0000,0,0,0,0,0,8,-1,G
2017-11-12T00:12:13.482Z | cell,001212,0.0000,0.0000,0,0,0,0,0,8,-1,G
2017-11-12T00:13:10.591Z | cell,001307,0.0000,0.0000,0,0,0,0,0,8,-1,G
2017-11-12T00:14:09.117Z | cell,001407,0.0000,0.0000,0,0,0,0,0,8,-1,G
2017-11-12T00:14:31.356Z | cell,001430,0.0000,0.0000,0,0,0,0,0,8,-1,G
2017-11-12T00:15:08.754Z | cell,001507,0.0000,0.0000,0,0,0,0,0,8,-1,G
2017-11-12T00:15:32.724Z | cell,001531,0.0000,0.0000,0,0,0,0,0,8,-1,G
2017-11-12T00:16:08.877Z | cell,001607,0.0000,0.0000,0,0,0,0,0,8,-1,G
2017-11-12T00:17:10.320Z | cell,001707,0.0000,0.0000,0,0,0,0,0,8,-1,G
2017-11-12T00:18:09.889Z | cell,001807,0.0000,0.0000,0,0,0,0,0,8,-1,G
2017-11-12T00:18:35.099Z | cell,001834,0.0000,0.0000,0,0,0,0,0,8,-1,G
2017-11-12T00:19:09.504Z | cell,001907,0.0000,0.0000,0,0,0,0,0,8,-1,G
2017-11-12T00:20:08.861Z | cell,002007,0.0000,0.0000,0,0,0,0,0,8,-1,G
2017-11-12T00:21:08.597Z | cell,002107,0.0000,0.0000,0,0,0,0,0,8,-1,G
2017-11-12T00:22:09.564Z | cell,002207,0.0000,0.0000,0,0,0,0,0,8,-1,G
2017-11-12T00:22:09.748Z | cell,002209,0.0000,0.0000,0,0,0,0,0,8,-1,G
2017-11-12T00:22:46.751Z | cell,002246,0.0000,0.0000,0,0,0,0,0,8,-1,G
2017-11-12T00:23:09.210Z | cell,002307,0.0000,0.0000,0,0,0,0,0,8,-1,G
2017-11-12T00:23:49.142Z | cell,002348,0.0000,0.0000,0,0,0,0,0,8,-1,G
2017-11-12T00:24:08.922Z | cell,002407,0.0000,0.0000,0,0,0,0,0,8,-1,G
2017-11-12T00:24:44.854Z | cell,002444,0.0000,0.0000,0,0,0,0,0,8,-1,G
2017-11-12T00:25:10.299Z | cell,002507,0.0000,0.0000,0,0,0,0,0,8,-1,G
2017-11-12T02:41:47.736Z | cell,S,024145,25.6428,-100.3589,2114,0,98,5,158,9,0,G
2017-11-12T02:42:03.760Z | cell,S,024200,25.6427,-100.3589,2114,0,194,6,149,9,0,G
2017-11-12T02:42:19.250Z | cell,X,024215,25.6428,-100.3589,2114
2017-11-12T02:42:34.392Z | cell,X,024232,25.6428,-100.3590,2113
2017-11-12T02:42:49.488Z | cell,S,024247,25.6428,-100.3590,2113,1,188,5,158,9,0,G
2017-11-12T02:43:04.483Z | cell,S,024302,25.6427,-100.3589,2113,1,161,5,158,9,0,G
2017-11-12T02:43:19.667Z | cell,X,024317,25.6427,-100.3588,2114
2017-11-12T02:43:34.768Z | cell,X,024332,25.6427,-100.3588,2114
2017-11-12T02:43:48.190Z | cell,S,024347,25.6426,-100.3588,2114,1,204,5,285,9,0,C
2017-11-12T02:44:03.902Z | cell,S,024402,25.6426,-100.3588,2114,1,217,5,285,9,0,C
2017-11-12T02:44:19.805Z | cell,X,024417,25.6427,-100.3590,2115
2017-11-12T02:44:35.169Z | cell,X,024432,25.6428,-100.3590,2115
2017-11-12T02:44:50.848Z | cell,S,024447,25.6428,-100.3590,2116,1,286,5,282,9,0,R
2017-11-12T02:45:06.365Z | cell,S,024503,25.6429,-100.3591,2115,1,296,5,281,9,0,R
2017-11-12T02:45:21.844Z | cell,X,024519,25.6429,-100.3591,2115
2017-11-12T02:45:37.170Z | cell,X,024534,25.6428,-100.3591,2116
2017-11-12T02:45:52.509Z | cell,S,024549,25.6427,-100.3591,2115,1,190,4,277,9,0,R
2017-11-12T02:46:08.222Z | cell,S,024605,25.6427,-100.3590,2115,0,52,5,159,9,0,C
2017-11-12T02:49:02.677Z | cell,S,024901,25.6429,-100.3589,2119,0,122,6,150,9,0,G
2017-11-13T20:55:42.269Z | cell,S,205540,0.0000,0.0000,0,0,0,1,0,8,0,G
2017-11-13T20:55:45.227Z | cell,S,205544,0.0000,0.0000,0,0,0,1,0,8,0,G
2017-11-13T20:55:58.674Z | cell,X,205555,0.0000,0.0000,0
2017-11-13T20:56:13.693Z | cell,S,205611,0.0000,0.0000,0,0,0,2,0,8,0,G
2017-11-13T20:56:28.585Z | cell,X,205626,0.0000,0.0000,0
2017-11-13T20:56:44.001Z | cell,S,205641,0.0000,0.0000,0,0,0,3,0,8,0,G
2017-11-13T20:56:59.602Z | cell,X,205656,0.0000,0.0000,0
2017-11-13T20:57:14.751Z | cell,S,205712,0.0000,0.0000,0,0,0,3,0,8,0,G
2017-11-13T20:57:32.343Z | cell,X,205727,0.0000,0.0000,0
2017-11-13T20:57:46.582Z | cell,S,205743,25.6596,-100.4477,2113,3,337,4,316,8,0,G
2017-11-13T20:58:02.541Z | cell,X,205759,25.6596,-100.4477,2113
2017-11-13T20:58:18.382Z | cell,S,205814,25.6598,-100.4478,2081,2,355,4,877,8,0,G
2017-11-13T20:58:34.961Z | cell,X,205830,25.6599,-100.4478,2054
2017-11-13T20:58:49.886Z | cell,S,205846,25.6599,-100.4478,2032,0,47,4,307,8,0,G
2017-11-13T20:59:05.453Z | cell,X,205902,25.6599,-100.4478,2028
 | cell,
2017-11-28T07:35:32.933Z | cell,S,073531,25.6428,-100.3588,2084,0,58,6,118,8,0,C
2017-11-28T07:35:34.020Z | cell,X,073532,25.6428,-100.3588,2084
2017-11-28T07:36:45.862Z | cell,S,073643,25.6428,-100.3588,2084,0,286,6,117,8,0,C
2017-11-28T07:36:49.640Z | cell,S,073648,25.6428,-100.3588,2084,0,356,6,116,8,0,C
2017-11-28T07:37:07.167Z | cell,X,073703,25.6428,-100.3588,2084
2017-11-28T07:37:23.107Z | cell,S,073719,25.6428,-100.3588,2084,0,6,6,116,8,0,C
2017-11-28T07:37:38.487Z | cell,X,073735,25.6428,-100.3588,2084
2017-11-28T07:37:53.808Z | cell,S,073751,25.6428,-100.3588,2084,0,204,6,116,8,0,C
2017-11-28T07:38:09.443Z | cell,X,073806,25.6428,-100.3588,2084
2017-11-28T07:44:44.761Z | cell,S,074441,25.6428,-100.3588,2080,0,286,7,108,9,0,R
2017-11-28T07:44:50.686Z | cell,S,074449,25.6428,-100.3588,2080,0,0,8,96,9,0,R
2017-11-28T07:44:54.957Z | cell,S,074453,25.6428,-100.3588,2080,0,119,8,96,9,0,R
2017-11-28T07:45:05.158Z | cell,S,074503,25.6428,-100.3588,2080,0,119,8,96,9,0,R
2017-11-28T07:45:09.969Z | cell,X,074508,25.6428,-100.3588,2080
2017-11-28T08:31:38.615Z | cell,S,083137,25.6429,-100.3590,2119,0,103,6,116,9,0,25,G
2017-11-28T08:31:51.835Z | cell,X,083143,25.6429,-100.3590,2119
2017-11-28T08:44:37.830Z | cell,S,084435,25.6429,-100.3590,2117,0,220,9,96,8,0,29,G
2017-11-28T08:44:45.965Z | cell,X,084444,25.6429,-100.3590,2117
2017-11-28T08:45:01.881Z | cell,S,084459,25.6429,-100.3590,2117,0,90,9,96,8,0,26,G
2017-11-28T08:45:17.082Z | cell,X,084514,25.6429,-100.3590,2117
2017-11-28T08:45:31.970Z | cell,S,084529,25.6429,-100.3590,2117,0,181,9,96,8,0,25,G
2017-11-28T08:45:47.411Z | cell,X,084544,25.6429,-100.3590,2117
2017-11-28T08:46:02.974Z | cell,S,084559,25.6429,-100.3590,2117,0,198,9,96,8,0,25,G
2017-11-28T08:46:18.188Z | cell,X,084615,25.6429,-100.3590,2117
2017-11-28T08:46:33.287Z | cell,S,084631,25.6429,-100.3590,2117,0,52,9,96,8,0,25,G
2017-11-28T08:46:48.535Z | cell,X,084646,25.6429,-100.3590,2117
2017-11-28T08:50:34.618Z | cell,X,085033,25.6429,-100.3590,2113
2017-11-28T08:50:50.511Z | cell,S,085048,25.6429,-100.3590,2113,0,22,9,97,8,0,25,C
2017-11-28T08:51:06.226Z | cell,X,085103,25.6429,-100.3590,2113
2017-11-28T08:51:22.202Z | cell,S,085119,25.6429,-100.3590,2115,0,157,8,120,8,0,25,R
2017-11-30T06:38:27.690Z | cell,S,063826,25.6422,-100.3606,545,2,108,3,708,8,0,24,G
2017-11-30T06:38:45.125Z | cell,X,063841,25.6423,-100.3605,545
2017-11-30T06:39:00.244Z | cell,S,063857,25.6423,-100.3605,545,1,73,3,713,8,0,24,G
2017-11-30T06:39:15.296Z | cell,X,063912,25.6423,-100.3606,545
2017-11-30T07:01:19.852Z | cell,X,070119,25.6422,-100.3577,545
2017-11-30T07:01:36.300Z | cell,S,070134,25.6422,-100.3578,545,1,317,3,1065,8,0,24,G
2017-11-30T07:12:06.686Z | cell,S,071205,25.6419,-100.3556,546,1,132,3,1377,8,0,24,G
2017-11-30T07:20:22.546Z | cell,X,072020,25.6417,-100.3540,547
2017-12-01T03:04:09.409Z | cell,X,030406,25.6427,-100.3603,1248
2017-12-01T03:04:09.533Z | cell,S,030406,25.6427,-100.3603,1248,0,247,4,206,9,0,25,R
2017-12-01T03:04:26.257Z | cell,S,030422,25.6427,-100.3603,1251,1,306,4,206,9,0,25,R
2018-01-11T18:06:39.519Z | cell,S,180635,0.0000,0.0000,0,0,0,0,0,8,0,23,G
2018-01-11T18:06:54.967Z | cell,X,180651,0.0000,0.0000,0
2018-01-11T18:07:10.843Z | cell,S,180707,0.0000,0.0000,0,0,0,0,0,8,0,23,G
2018-01-11T18:07:25.756Z | cell,X,180723,0.0000,0.0000,0
2018-01-11T18:07:41.748Z | cell,S,180738,0.0000,0.0000,0,0,0,0,0,8,0,23,G
2018-01-11T18:07:59.752Z | cell,X,180754,0.0000,0.0000,0
2018-01-11T18:08:16.236Z | cell,S,180810,0.0000,0.0000,0,0,0,0,0,8,0,24,G
2018-01-11T18:08:28.087Z | cell,X,180824,0.0000,0.0000,0
2018-01-11T18:08:41.900Z | cell,S,180840,0.0000,0.0000,0,0,0,0,0,8,0,24,G
2018-01-11T18:08:57.060Z | cell,X,180855,0.0000,0.0000,0
2018-01-11T18:15:41.175Z | cell,S,181540,0.0000,0.0000,0,0,0,3,0,8,0,23,G
2018-01-11T18:15:58.873Z | cell,X,181555,0.0000,0.0000,0
2018-01-11T18:16:16.566Z | cell,S,181611,0.0000,0.0000,0,0,0,3,0,8,0,25,G
2018-01-11T18:16:32.442Z | cell,X,181629,0.0000,0.0000,0
2018-01-11T18:16:45.471Z | cell,S,181644,0.0000,0.0000,0,0,0,3,0,8,0,25,G
2018-01-11T18:17:01.131Z | cell,X,181659,0.0000,0.0000,0
2018-01-11T18:17:16.818Z | cell,S,181714,0.0000,0.0000,0,0,0,3,0,8,0,25,G
2018-01-11T18:17:30.937Z | cell,X,181729,0.0000,0.0000,0
2018-01-11T18:17:47.191Z | cell,S,181744,0.0000,0.0000,0,0,0,3,0,8,0,25,G
2018-01-11T18:18:02.984Z | cell,X,181759,0.0000,0.0000,0
2018-01-11T18:18:19.207Z | cell,S,181815,0.0000,0.0000,0,0,0,3,0,8,1,25,G
2018-01-11T18:18:35.302Z | cell,X,181831,25.6633,-100.3790,587
2018-01-11T18:18:50.949Z | cell,S,181847,25.6683,-100.3806,885,1,323,4,233,8,0,25,C
2018-01-11T18:19:06.723Z | cell,X,181903,25.6687,-100.3810,921
2018-01-11T18:19:22.467Z | cell,S,181919,25.6690,-100.3811,889,1,358,4,279,8,0,25,D
2018-01-11T18:19:38.418Z | cell,X,181935,25.6691,-100.3811,892
2018-01-11T18:19:54.613Z | cell,S,181951,25.6691,-100.3811,894,1,231,4,238,8,0,25,R
2018-01-11T18:20:12.872Z | cell,X,182007,25.6691,-100.3811,896
2018-01-11T18:20:26.303Z | cell,S,182023,25.6692,-100.3811,900,1,204,4,241,8,4,25,R
2018-01-11T18:20:42.018Z | cell,X,182038,25.6692,-100.3811,902
2018-01-11T18:20:58.044Z | cell,S,182054,25.6693,-100.3810,906,1,20,5,225,8,2,25,R
2018-01-11T18:21:15.220Z | cell,X,182110,25.6692,-100.3810,908
2018-01-11T18:21:28.568Z | cell,S,182126,25.6691,-100.3810,929,1,357,4,320,8,5,25,R
2018-01-11T18:21:44.690Z | cell,X,182141,25.6690,-100.3811,949
2018-01-11T18:23:59.997Z | cell,S,182358,25.6670,-100.3797,1742,2,5,5,256,8,5,23,R
2018-01-11T18:24:15.362Z | cell,X,182413,25.6672,-100.3797,1804
2018-01-11T18:24:30.797Z | cell,S,182428,25.6671,-100.3797,1812,1,254,5,240,8,5,25,R
2018-01-11T18:24:46.160Z | cell,X,182443,25.6671,-100.3797,1818
2018-01-11T18:25:01.562Z | cell,S,182458,25.6668,-100.3798,1844,1,242,5,243,8,0,25,R
2018-01-11T18:25:16.812Z | cell,X,182514,25.6670,-100.3798,1856
2018-01-11T18:25:34.192Z | cell,S,182529,25.6675,-100.3796,1871,1,326,5,153,8,0,25,R
2018-01-11T18:25:50.819Z | cell,X,182546,25.6675,-100.3795,1891
2018-01-11T18:26:06.254Z | cell,S,182602,25.6675,-100.3795,1891,0,191,6,139,8,0,25,R
2018-01-11T18:26:21.852Z | cell,X,182619,25.6675,-100.3795,1891
2018-01-11T18:26:37.389Z | cell,S,182634,25.6675,-100.3795,1891,0,338,6,139,8,0,25,R
2018-01-11T18:26:53.119Z | cell,X,182649,25.6675,-100.3795,1891
2018-01-11T18:27:09.003Z | cell,S,182705,25.6675,-100.3795,1891,0,115,5,155,8,0,26,R
2018-01-11T18:27:24.613Z | cell,X,182721,25.6675,-100.3795,1891
2018-01-11T18:27:40.731Z | cell,S,182737,25.6675,-100.3795,1895,0,169,5,156,8,0,25,R
2018-01-11T18:27:56.595Z | cell,X,182753,25.6674,-100.3795,1895
2018-01-11T18:28:14.661Z | cell,S,182809,25.6674,-100.3795,1899,0,290,6,141,8,0,25,R
2018-01-11T18:28:29.201Z | cell,X,182825,25.6674,-100.3795,1899
2018-01-11T18:28:45.055Z | cell,S,182841,25.6675,-100.3795,1901,0,23,5,169,8,0,26,R
2018-01-11T18:29:01.518Z | cell,X,182857,25.6675,-100.3795,1903
2018-01-11T18:29:19.143Z | cell,S,182913,25.6675,-100.3795,1906,0,179,5,170,8,1,26,R
2018-01-11T18:29:32.956Z | cell,X,182930,25.6675,-100.3795,1906
2018-01-11T18:29:48.448Z | cell,S,182945,25.6675,-100.3794,1906,0,160,5,171,8,5,26,R
2018-01-11T18:30:03.761Z | cell,X,183000,25.6674,-100.3794,1907
2018-01-11T18:30:18.831Z | cell,S,183016,25.6674,-100.3795,1903,1,200,6,151,8,4,26,R
2018-01-11T18:30:34.431Z | cell,X,183031,25.6673,-100.3795,1900
2018-01-11T18:30:49.165Z | cell,S,183047,25.6673,-100.3795,1905,0,192,6,152,8,5,26,R
2018-01-11T18:31:04.232Z | cell,X,183102,25.6673,-100.3795,1905
2018-01-11T18:31:19.784Z | cell,S,183117,25.6673,-100.3795,1905,0,0,5,174,8,5,26,R
2018-01-11T18:31:35.607Z | cell,X,183132,25.6673,-100.3795,1906
2018-01-11T18:33:18.947Z | cell,S,183318,25.6672,-100.3796,1938,1,69,6,148,8,5,26,R
2018-01-11T18:33:38.917Z | cell,X,183333,25.6672,-100.3796,1942
2018-01-11T18:33:52.552Z | cell,S,183349,25.6672,-100.3796,1952,0,8,7,143,8,5,26,R
2018-01-11T18:34:09.302Z | cell,X,183405,25.6672,-100.3796,1952
2018-01-11T18:34:24.786Z | cell,S,183420,25.6672,-100.3796,1952,0,143,7,143,8,3,26,R
2018-01-11T18:34:38.253Z | cell,X,183435,25.6672,-100.3796,1952
2018-01-11T18:34:53.705Z | cell,S,183450,25.6672,-100.3796,1952,0,96,7,143,8,0,26,R
2018-01-11T18:35:08.903Z | cell,X,183506,25.6672,-100.3796,1953
2018-01-11T18:35:24.636Z | cell,S,183521,25.6672,-100.3796,1960,0,317,8,136,8,0,26,R
2018-01-11T18:35:42.528Z | cell,X,183536,25.6672,-100.3796,1965
2018-01-11T18:35:58.739Z | cell,S,183552,25.6672,-100.3796,1968,0,279,8,136,8,0,27,R
2018-01-11T18:36:10.334Z | cell,X,183608,25.6672,-100.3796,1968
2018-01-11T18:36:25.977Z | cell,S,183623,25.6672,-100.3796,1968,0,290,8,136,8,0,27,R
2018-01-11T18:36:41.705Z | cell,X,183638,25.6672,-100.3796,1968
2018-01-11T18:36:57.222Z | cell,S,183653,25.6672,-100.3797,1968,1,275,8,127,8,3,27,R
2018-01-11T18:37:12.226Z | cell,X,183709,25.6672,-100.3798,1965
2018-01-11T18:37:27.486Z | cell,S,183725,25.6673,-100.3798,1965,0,345,9,114,8,1,27,R
2018-01-11T18:37:43.485Z | cell,X,183740,25.6673,-100.3798,1965
2018-01-11T18:37:58.308Z | cell,S,183755,25.6674,-100.3799,1970,1,291,9,114,8,0,27,R
2018-01-11T18:38:18.736Z | cell,X,183811,25.6676,-100.3796,1968
2018-01-11T18:38:29.263Z | cell,S,183826,25.6677,-100.3774,1970,30,90,9,118,8,0,27,R
2018-01-11T18:38:43.495Z | cell,X,183841,25.6676,-100.3750,1959
2018-01-11T18:38:59.077Z | cell,S,183856,25.6671,-100.3742,1930,12,191,10,93,8,0,27,R
2018-01-11T18:39:14.785Z | cell,X,183911,25.6661,-100.3746,1956
2018-01-11T18:39:31.394Z | cell,S,183926,25.6650,-100.3750,1946,18,193,10,93,8,0,28,R
2018-01-11T18:39:47.794Z | cell,X,183942,25.6641,-100.3753,1948
2018-01-11T18:40:02.428Z | cell,S,183958,25.6636,-100.3756,1964,6,203,10,93,8,0,28,R
2018-01-11T18:40:17.553Z | cell,X,184014,25.6626,-100.3758,1971
2018-01-11T18:40:32.449Z | cell,S,184029,25.6617,-100.3761,1979,11,199,10,93,8,0,28,R
2018-01-11T18:40:47.938Z | cell,X,184044,25.6612,-100.3763,1980
2018-01-11T18:41:03.327Z | cell,S,184100,25.6602,-100.3767,1976,13,196,10,93,8,3,28,R
2018-01-11T18:41:20.449Z | cell,X,184116,25.6596,-100.3768,1970
2018-01-11T18:41:32.574Z | cell,S,184131,25.6596,-100.3768,1971,0,173,9,100,8,2,28,R
2018-01-11T18:41:48.360Z | cell,X,184146,25.6594,-100.3769,1981
2018-01-11T18:42:04.375Z | cell,S,184201,25.6588,-100.3764,1992,19,108,10,92,8,0,28,R
2018-01-11T18:42:23.039Z | cell,X,184216,25.6583,-100.3746,1996
2018-01-11T18:42:37.511Z | cell,S,184233,25.6576,-100.3725,1990,24,108,10,92,8,1,29,R
2018-01-11T18:42:53.041Z | cell,X,184249,25.6573,-100.3711,1979
2018-01-11T18:43:08.226Z | cell,S,184305,25.6572,-100.3711,1975,0,165,10,90,8,0,29,R
2018-01-11T18:43:23.244Z | cell,X,184320,25.6571,-100.3711,1975
2018-01-11T18:43:38.864Z | cell,S,184335,25.6566,-100.3701,1992,14,89,10,90,8,0,29,R
2018-01-11T18:43:53.440Z | cell,X,184351,25.6578,-100.3704,1991
2018-01-11T18:44:09.076Z | cell,S,184406,25.6580,-100.3721,1986,27,288,9,100,8,5,29,R
2018-01-11T18:44:25.035Z | cell,X,184421,25.6587,-100.3742,1980
2018-01-11T18:44:41.107Z | cell,S,184437,25.6592,-100.3764,1971,29,288,10,92,8,5,29,R
2018-01-11T18:44:56.987Z | cell,X,184453,25.6599,-100.3787,1976
2018-01-11T18:45:13.048Z | cell,S,184509,25.6606,-100.3812,1983,32,288,10,92,8,5,29,R
2018-01-11T18:45:28.677Z | cell,X,184525,25.6612,-100.3828,1969
2018-01-11T18:45:44.306Z | cell,S,184541,25.6612,-100.3828,1970,0,288,10,92,8,5,29,R
2018-01-11T18:45:59.911Z | cell,X,184557,25.6612,-100.3828,1970
2018-01-11T18:46:15.111Z | cell,S,184612,25.6616,-100.3827,1986,12,24,10,92,8,2,29,R
2018-01-11T18:46:30.284Z | cell,X,184627,25.6616,-100.3826,2001
2018-01-11T18:46:46.135Z | cell,S,184642,25.6616,-100.3826,2004,0,11,10,91,8,0,29,R
2018-01-11T18:47:01.282Z | cell,X,184658,25.6620,-100.3825,2014
2018-01-11T18:47:17.858Z | cell,S,184713,25.6636,-100.3818,2014,27,25,10,91,8,0,29,R
2018-01-11T18:47:33.519Z | cell,X,184730,25.6654,-100.3808,1995
2018-01-11T18:47:51.312Z | cell,S,184746,25.6654,-100.3808,2000,0,23,10,89,8,0,30,R
2018-01-11T18:48:03.709Z | cell,X,184801,25.6653,-100.3808,2000
2018-01-11T18:48:20.174Z | cell,S,184816,25.6653,-100.3808,2000,0,180,10,91,8,0,30,R
2018-01-11T18:48:36.765Z | cell,X,184832,25.6660,-100.3805,2001
2018-01-11T18:48:50.025Z | cell,S,184848,25.6673,-100.3799,1985,10,16,10,91,8,0,30,R
2018-01-11T18:49:07.385Z | cell,X,184903,25.6673,-100.3799,1983
2018-01-15T22:33:55.154Z | cell,X,223353,25.6599,-100.4480,1481
2018-01-15T22:34:10.876Z | cell,S,223408,25.6599,-100.4480,1481,0,327,8,94,7,0,20,C
2018-01-15T22:34:25.815Z | cell,X,223423,25.6599,-100.4480,1481
2018-01-15T22:34:40.743Z | cell,S,223438,25.6600,-100.4480,1481,0,340,8,94,7,0,20,C
2018-01-15T22:34:56.061Z | cell,X,223453,25.6600,-100.4481,1482
2018-01-15T22:35:09.450Z | cell,S,223508,25.6600,-100.4481,1484,0,244,7,96,7,0,20,C
2018-01-15T22:35:25.838Z | cell,X,223523,25.6600,-100.4481,1486
2018-01-15T22:35:41.584Z | cell,S,223538,25.6599,-100.4481,1489,0,102,8,94,7,0,20,C
2018-01-15T22:35:59.283Z | cell,X,223554,25.6599,-100.4481,1492
2018-01-15T22:36:13.454Z | cell,S,223610,25.6599,-100.4481,1496,0,129,8,94,7,0,20,C
2018-01-15T22:36:29.489Z | cell,X,223626,25.6599,-100.4481,1497
2018-01-15T22:36:45.120Z | cell,S,223641,25.6599,-100.4480,1497,0,104,8,94,7,0,20,C
2018-01-15T22:37:00.679Z | cell,X,223657,25.6599,-100.4480,1498
2018-01-15T22:37:17.535Z | cell,S,223713,25.6599,-100.4480,1499,0,237,8,93,7,0,20,C
2018-01-15T22:37:31.037Z | cell,X,223728,25.6599,-100.4481,1500
2018-01-15T22:37:48.226Z | cell,S,223743,25.6599,-100.4481,1501,0,201,8,93,7,0,20,C
2018-01-15T22:38:01.352Z | cell,X,223758,25.6599,-100.4481,1502
2018-01-15T22:38:17.123Z | cell,S,223814,25.6598,-100.4481,1503,0,191,8,93,7,0,20,C
2018-01-15T22:38:32.279Z | cell,X,223829,25.6598,-100.4481,1504
2018-01-15T22:38:47.660Z | cell,S,223845,25.6598,-100.4481,1504,0,333,8,93,7,0,20,C
2018-01-15T22:39:03.212Z | cell,X,223900,25.6598,-100.4481,1504
2018-01-15T22:39:18.535Z | cell,S,223915,25.6598,-100.4481,1504,0,149,7,106,7,0,21,C
2018-01-15T22:39:33.891Z | cell,X,223931,25.6598,-100.4481,1504
2018-01-15T22:39:49.687Z | cell,S,223946,25.6598,-100.4481,1504,0,30,8,93,7,0,20,C
2018-01-15T22:40:05.040Z | cell,X,224002,25.6599,-100.4481,1504
2018-01-15T22:40:20.682Z | cell,S,224017,25.6599,-100.4480,1504,0,41,7,106,7,0,20,C
2018-01-15T22:40:36.165Z | cell,X,224033,25.6599,-100.4480,1505
2018-01-15T22:40:51.889Z | cell,S,224048,25.6599,-100.4480,1506,0,147,7,106,7,0,20,C
2018-01-15T22:41:07.323Z | cell,X,224104,25.6599,-100.4480,1507
2018-01-15T22:41:23.011Z | cell,S,224120,25.6599,-100.4480,1508,0,142,8,93,7,0,21,C
2018-01-15T22:41:41.823Z | cell,X,224135,25.6598,-100.4480,1531
2018-01-15T22:41:55.904Z | cell,S,224150,25.6597,-100.4478,1616,0,132,9,86,7,0,21,C
2018-01-15T22:42:07.332Z | cell,X,224205,25.6596,-100.4478,1655
2018-01-15T22:42:22.761Z | cell,S,224220,25.6595,-100.4477,1785,0,154,9,86,7,0,20,C
2018-01-15T22:42:38.688Z | cell,X,224235,25.6594,-100.4477,1902
2018-01-15T22:42:53.836Z | cell,S,224250,25.6594,-100.4477,2003,0,178,9,86,7,0,20,C
2018-01-15T22:43:09.426Z | cell,X,224306,25.6594,-100.4477,2060
2018-01-15T22:43:26.164Z | cell,S,224322,25.6594,-100.4476,2069,0,110,9,86,7,0,21,C
2018-01-15T22:43:40.053Z | cell,X,224337,25.6594,-100.4476,2070
2018-01-15T22:43:55.521Z | cell,S,224352,25.6593,-100.4476,2073,0,153,8,92,7,0,20,C
2018-01-15T22:44:12.397Z | cell,X,224408,25.6593,-100.4476,2075
2018-01-15T22:44:29.656Z | cell,S,224423,25.6593,-100.4476,2078,0,82,9,86,7,0,20,C
2018-01-15T22:44:40.187Z | cell,X,224438,25.6593,-100.4476,2083
2018-01-15T22:44:56.058Z | cell,S,224453,25.6593,-100.4476,2087,0,312,9,86,7,0,21,C
2018-01-15T22:45:11.634Z | cell,X,224508,25.6593,-100.4476,2089
2018-01-15T22:45:26.850Z | cell,S,224524,25.6593,-100.4476,2092,0,329,8,92,7,0,20,C
2018-01-15T22:45:41.857Z | cell,X,224539,25.6593,-100.4476,2092
2018-01-15T22:45:57.046Z | cell,S,224554,25.6593,-100.4476,2093,0,248,9,86,7,0,21,C
2018-01-15T22:46:12.060Z | cell,X,224609,25.6593,-100.4476,2093
2018-01-15T22:46:27.155Z | cell,S,224624,25.6593,-100.4476,2093,0,143,9,86,7,0,20,C
2018-01-15T22:46:42.356Z | cell,X,224640,25.6593,-100.4476,2094
2018-01-15T22:46:57.241Z | cell,S,224655,25.6593,-100.4476,2094,0,220,9,86,7,0,21,C
2018-01-15T22:47:12.863Z | cell,X,224710,25.6593,-100.4476,2094
2018-01-15T22:47:28.386Z | cell,S,224725,25.6593,-100.4476,2095,0,136,9,86,7,0,20,C
2018-01-15T22:47:43.612Z | cell,X,224741,25.6593,-100.4476,2095
2018-01-15T22:48:00.279Z | cell,S,224756,25.6593,-100.4476,2096,0,29,9,86,7,0,20,C
2018-01-15T22:48:13.843Z | cell,X,224811,25.6593,-100.4476,2114
2018-01-15T22:48:29.314Z | cell,S,224826,25.6593,-100.4476,2145,0,0,9,86,7,0,21,C
2018-01-15T22:48:44.499Z | cell,X,224842,25.6593,-100.4477,2181
2018-01-15T22:48:59.768Z | cell,S,224857,25.6593,-100.4477,2186,0,192,9,86,7,0,20,C
2018-01-15T22:49:14.707Z | cell,X,224912,25.6593,-100.4477,2186
2018-01-15T22:49:29.909Z | cell,S,224927,25.6593,-100.4477,2186,0,350,9,86,7,0,20,C
2018-01-15T22:49:45.027Z | cell,X,224942,25.6593,-100.4477,2187
2018-01-15T22:50:00.627Z | cell,S,224957,25.6593,-100.4477,2187,0,50,9,86,7,0,20,C
2018-01-15T22:50:16.168Z | cell,X,225013,25.6593,-100.4477,2188
2018-01-15T22:50:31.224Z | cell,S,225028,25.6593,-100.4477,2188,0,36,9,86,7,0,20,C
2018-01-15T22:50:46.263Z | cell,X,225044,25.6593,-100.4477,2188
2018-01-15T22:51:01.462Z | cell,S,225059,25.6593,-100.4477,2188,0,357,9,86,7,0,21,C
2018-01-15T22:51:16.540Z | cell,X,225114,25.6593,-100.4477,2188
2018-01-15T22:51:31.437Z | cell,S,225129,25.6593,-100.4477,2188,0,89,9,86,7,0,20,C
2018-01-15T22:51:46.572Z | cell,X,225144,25.6593,-100.4477,2188
2018-01-15T22:52:01.973Z | cell,S,225159,25.6593,-100.4477,2188,0,54,8,113,7,0,20,C
2018-01-15T22:52:17.408Z | cell,X,225214,25.6593,-100.4477,2189
2018-01-15T22:52:32.739Z | cell,S,225230,25.6593,-100.4477,2189,0,23,8,113,7,0,21,C
2018-01-15T22:52:47.957Z | cell,X,225245,25.6593,-100.4477,2189
2018-01-15T22:53:02.935Z | cell,S,225300,25.6593,-100.4477,2189,0,132,8,91,7,0,20,C
2018-01-15T22:53:17.971Z | cell,X,225315,25.6593,-100.4477,2189
2018-01-15T22:53:34.255Z | cell,S,225330,25.6593,-100.4477,2189,0,127,6,114,7,0,20,C
2018-01-15T22:53:47.748Z | cell,X,225346,25.6593,-100.4477,2189
2018-01-15T22:54:02.962Z | cell,S,225401,25.6593,-100.4477,2189,0,346,6,149,7,0,21,C
2018-01-15T22:54:17.740Z | cell,X,225416,25.6593,-100.4477,2189
2018-01-15T22:54:36.344Z | cell,S,225431,25.6593,-100.4476,2189,0,20,5,157,7,0,21,C
2018-01-15T22:54:50.084Z | cell,X,225446,25.6594,-100.4476,2189
2018-01-15T22:55:06.111Z | cell,S,225501,25.6595,-100.4477,2189,1,21,5,158,7,0,21,C
2018-01-15T22:55:18.997Z | cell,X,225516,25.6594,-100.4477,2189
2018-01-15T22:55:33.870Z | cell,S,225531,25.6591,-100.4477,2189,1,190,5,135,7,0,21,C
2018-01-15T22:55:50.632Z | cell,X,225546,25.6590,-100.4477,2189
2018-01-15T22:56:05.714Z | cell,S,225603,25.6590,-100.4476,2189,1,155,3,223,7,0,21,C
2018-01-15T22:56:20.532Z | cell,X,225618,25.6590,-100.4476,2189
2018-01-15T22:56:35.827Z | cell,S,225633,25.6590,-100.4476,2189,1,33,3,223,7,0,21,C
2018-01-15T22:56:50.976Z | cell,X,225648,25.6592,-100.4475,2189
2018-01-15T22:57:06.231Z | cell,S,225704,25.6594,-100.4474,2189,2,31,4,206,7,0,21,C
2018-01-15T22:57:22.333Z | cell,X,225719,25.6595,-100.4473,2189
2018-01-15T22:57:37.812Z | cell,S,225734,25.6595,-100.4474,2189,0,245,5,196,7,0,21,C
2018-01-15T22:57:52.670Z | cell,X,225750,25.6595,-100.4475,2190
2018-01-15T22:58:09.872Z | cell,S,225805,25.6595,-100.4475,2190,0,57,5,128,7,0,21,C
2018-01-15T22:58:22.623Z | cell,X,225821,25.6596,-100.4474,2189
2018-01-15T22:58:38.035Z | cell,S,225836,25.6595,-100.4474,2190,1,107,4,147,7,0,21,C
2018-01-15T22:58:54.173Z | cell,X,225851,25.6594,-100.4473,2190
2018-01-15T22:59:09.986Z | cell,S,225907,25.6595,-100.4471,2192,2,91,3,200,7,0,22,C
2018-01-15T22:59:25.662Z | cell,X,225922,25.6594,-100.4470,2194
2018-01-15T22:59:40.805Z | cell,S,225938,25.6594,-100.4467,2200,3,102,4,211,7,0,22,C
2018-01-15T22:59:56.239Z | cell,X,225953,25.6594,-100.4471,2212
2018-01-15T23:00:12.014Z | cell,S,230009,25.6594,-100.4474,2214,0,221,4,211,7,0,22,C
2018-01-15T23:00:27.563Z | cell,X,230024,25.6593,-100.4474,2211
 | cell,
