2017-11-06T17:42:41.558Z | 17423740,25.6428,-100.3589,1655,0,54,4,225,8,0,G
2017-11-06T17:43:42.283Z | 17433920,25.6438,-100.3579,1697,15,355,8,135,8,0,G
2017-11-06T17:44:44.263Z | 17444100,25.6462,-100.3596,1924,5,287,6,170,8,2,G
2017-11-06T17:45:45.992Z | 17454300,25.6511,-100.3584,1926,43,17,8,125,8,0,G
2017-11-06T17:46:49.246Z | 17464500,25.6532,-100.3530,1944,0,103,7,135,8,0,G
2017-11-06T17:47:48.399Z | 17474520,25.6533,-100.3550,1933,34,264,7,145,8,0,G
2017-11-06T17:48:49.411Z | 17484660,25.6554,-100.3629,1894,0,37,8,122,8,0,G
2017-11-06T17:49:50.534Z | 17494820,25.6571,-100.3689,1951,22,286,8,135,8,0,G
2017-11-06T17:50:52.006Z | 17504840,25.6591,-100.3759,1952,4,283,8,122,8,0,G
2017-11-06T17:51:53.692Z | 17515040,25.6611,-100.3824,1990,12,287,9,119,8,0,G
2017-11-06T17:52:55.189Z | 17525220,25.6611,-100.3824,1993,1,295,10,86,8,0,G
2017-11-06T17:53:57.285Z | 17535380,25.6636,-100.3817,1990,0,35,10,86,8,0,G
2017-11-06T17:54:58.343Z | 17545580,25.6653,-100.3809,1977,0,139,9,118,8,0,G
2017-11-06T17:55:58.779Z | 17555700,25.6673,-100.3798,1958,0,158,9,90,8,0,G
2017-11-06T17:56:59.688Z | 17565740,25.6675,-100.3798,1966,0,268,10,86,8,0,G
