17-11-07 00:55:04 | 550080,25.6432,-100.3590,2152,0,233,6,143,8,5,G
17-11-07 00:56:42 | 563280,25.6432,-100.3590,2152,0,233,7,124,8,5,G
17-11-07 00:56:50 | 564540,25.6432,-100.3590,2152,0,233,7,124,8,5,G
17-11-07 01:13:24 | 1111560,25.6433,-100.3591,2115,0,320,7,129,8,0,G
17-11-07 01:15:25 | 1151560,25.6433,-100.3591,2114,0,320,7,120,8,5,G
17-11-07 01:17:20 | 1171560,25.6433,-100.3591,2113,0,320,8,106,8,0,G
17-11-07 16:39:26 | 1171560,25.6433,-100.3591,2113,0,320,8,106,8,0,G
17-11-07 16:43:31 | 16411620,25.6698,-100.3649,2023,48,222,6,133,8,3,G
17-11-07 22:11:55 | 22094640,25.6475,-100.3593,1881,7,16,6,173,7,1,R
17-11-07 22:17:53 | 22154640,25.6475,-100.3593,2016,0,224,8,108,7,0,R
17-11-07 22:27:57 | 22254640,25.6636,-100.3817,1973,0,118,9,112,7,0,R
17-11-07 22:38:02 | 22334660,25.6675,-100.3799,2019,0,75,9,119,7,0,R
17-11-07 22:45:58 | 22454660,25.6675,-100.3798,2010,0,75,9,115,7,4,R
17-11-07 22:47:58 | 22454660,25.6675,-100.3798,2010,0,75,9,115,7,4,R
17-11-07 22:56:00 | 22514660,25.6675,-100.3798,2008,0,75,8,124,7,0,R
17-11-07 22:57:57 | 22514660,25.6675,-100.3798,2008,0,75,8,124,7,0,R
17-11-07 23:01:55 | 23014660,25.6675,-100.3798,2005,0,75,9,95,7,4,R
17-11-07 23:05:56 | 23034680,25.6675,-100.3798,2004,0,75,8,102,7,0,R
17-11-07 23:13:53 | 23074680,25.6675,-100.3798,2002,0,75,9,94,7,0,R
17-11-07 23:22:07 | 23174680,25.6675,-100.3798,1999,0,75,10,88,7,0,R
17-11-07 23:31:53 | 23174680,25.6675,-100.3798,1999,0,75,10,88,7,0,R
17-11-07 23:41:55 | 23414700,25.6675,-100.3798,1992,0,75,10,85,7,3,R
17-11-07 23:49:54 | 23454700,25.6675,-100.3798,1991,0,75,9,88,7,0,R
17-11-08 00:21:25 | 191880,25.6598,-100.3697,1978,1,225,10,81,7,0,G
17-11-08 00:23:23 | 231900,25.6541,-100.3601,2065,0,319,9,89,7,4,G
17-11-08 00:25:25 | 231900,25.6541,-100.3601,2065,0,319,9,89,7,4,G
17-11-08 00:29:37 | 291920,25.6462,-100.3595,2040,5,112,10,89,7,0,G
17-11-08 18:22:20 | 18220500,25.6532,-100.3554,1975,9,82,7,115,6,0,G
17-11-08 18:32:30 | 18300500,25.6569,-100.3682,1953,34,287,6,126,6,0,G
17-11-08 18:34:12 | 18340500,25.6674,-100.3798,1963,0,67,7,112,6,2,G
17-11-08 18:40:14 | 18380500,25.6675,-100.3799,1977,1,26,3,839,6,0,G
17-11-08 18:48:17 | 18460500,25.6672,-100.3796,2028,0,54,6,107,6,0,G
17-11-09 03:43:51 | 3403020,25.6429,-100.3590,2117,0,185,5,159,7,0,R
17-11-09 04:04:20 | 4040980,25.6428,-100.3589,1992,0,309,4,127,8,2,R
17-11-09 20:03:39 | 200124,25.6484,-100.3345,2014,16,308,9,107,7,0,R
17-11-09 20:13:32 | 201124,25.6479,-100.3359,2039,0,66,6,153,7,0,R
17-11-09 20:31:45 | 203124,25.6479,-100.3360,2038,0,66,8,124,7,2,R
17-11-09 20:33:34 | 203324,25.6479,-100.3360,2037,0,66,8,123,7,0,R
17-11-09 20:39:39 | 203724,25.6479,-100.3360,2037,0,66,8,121,7,0,R
17-11-09 20:41:32 | 203724,25.6479,-100.3360,2037,0,66,8,121,7,0,R
17-11-09 20:47:34 | 204524,25.6479,-100.3360,2036,0,66,8,116,7,0,R
17-11-09 20:49:36 | 204924,25.6479,-100.3360,2036,0,66,8,113,7,4,R
17-11-09 20:51:46 | 204924,25.6479,-100.3360,2036,0,66,8,113,7,4,R
17-11-09 20:57:48 | 205524,25.6479,-100.3360,2036,0,66,8,110,7,0,R
17-11-09 20:59:34 | 205924,25.6479,-100.3360,2036,0,66,8,108,7,0,R
17-11-09 21:13:38 | 210924,25.6479,-100.3360,2036,0,66,7,130,7,0,R
17-11-09 21:19:36 | 211724,25.6479,-100.3360,2036,0,66,7,133,7,0,R
17-11-09 21:27:38 | 212724,25.6479,-100.3360,2036,0,66,7,111,7,1,R
17-11-09 21:31:28 | 213124,25.6479,-100.3360,2038,0,66,8,92,7,0,R
17-11-10 06:01:51 | 054751,25.6427,-100.3588,2091,0,259,8,100,9,0,G
17-11-10 06:09:33 | 060925,25.6428,-100.3589,2100,0,266,9,93,9,0,G
